-20                      0.003680930768294294
-19.95995995995996       0.003860432888528037
-19.91991991991992       0.004104816682242711
-19.87987987987988       0.0044225618709935926
-19.83983983983984       0.004820688773227314
-19.7997997997998        0.005304483579822128
-19.75975975975976       0.0058772822020854735
-19.71971971971972       0.006540324897455615
-19.67967967967968       0.00729269231984438
-19.63963963963964       0.008131331666637985
-19.5995995995996        0.009051179241261493
-19.55955955955956       0.010045383070178373
-19.51951951951952       0.011105626269059183
-19.47947947947948       0.01222254871777776
-19.43943943943944       0.013386261359765006
-19.3993993993994        0.014586944176483407
-19.35935935935936       0.0158155156953532
-19.31931931931932       0.017064358864421727
-19.27927927927928       0.018328085363651728
-19.23923923923924       0.019604318012477556
-19.1991991991992        0.020894468961425928
-19.15915915915916       0.02220448989947381
-19.11911911911912       0.023545569634711952
-19.07907907907908       0.02493475416718287
-19.03903903903904       0.026395464808003526
-18.998998998999         0.027957891030144105
-18.95895895895896       0.029659236567814246
-18.91891891891892       0.03154379979929179
-18.87887887887888       0.033662872619303945
-18.83883883883884       0.03607444578056243
-18.7987987987988        0.038842712990148374
-18.75875875875876       0.042037370799552345
-18.71871871871872       0.045732716425806626
-18.67867867867868       0.05000655097138812
-18.63863863863864       0.054938900947730566
-18.5985985985986        0.06061057641847828
-18.55855855855856       0.06710158932735572
-18.51851851851852       0.07448946052260205
-18.47847847847848       0.08284744849937357
-18.43843843843844       0.09224273682179183
-18.3983983983984        0.10273462043564183
-18.35835835835836       0.11437273353112098
-18.31831831831832       0.1271953631678049
-18.27827827827828       0.14122789345469644
-18.23823823823824       0.1564814246308459
-18.1981981981982        0.17295160988295574
-18.15815815815816       0.19061775015622232
-18.11811811811812       0.20944218357838798
-18.07807807807808       0.229370001465706
-18.03803803803804       0.2503291172785987
-17.997997997998         0.27223070843409
-17.95795795795796       0.29497004367477614
-17.91791791791792       0.3184277008731901
-17.87787787787788       0.3424711718683836
-17.83783783783784       0.36695684235516973
-17.7977977977978        0.3917323261552736
-17.75775775775776       0.41663912458076363
-17.71771771771772       0.4415155732451138
-17.67767767767768       0.4662000307776337
-17.63763763763764       0.49053425663974437
-17.5975975975976        0.5143669188051998
-17.55755755755756       0.5375571666174941
-17.51751751751752       0.5599781998235349
-17.47747747747748       0.5815207617354184
-17.43743743743744       0.6020964827933772
-17.3973973973974        0.6216410005753847
-17.35735735735736       0.6401167835705167
-17.31731731731732       0.657515588825923
-17.27727727727728       0.6738604878797037
-17.237237237237238      0.6892074011615956
-17.197197197197198      0.7036460882071655
-17.157157157157158      0.7173005494837341
-17.117117117117118      0.7303288052362518
-17.077077077077078      0.7429220273679934
-17.037037037037038      0.7553030117922779
-16.996996996996998      0.767723990723055
-16.956956956956958      0.7804637967952159
-16.916916916916918      0.7938244034863337
-16.876876876876878      0.8081268788111631
-16.836836836836838      0.8237068014337561
-16.796796796796798      0.8409091999489285
-16.756756756756758      0.8600830868883239
-16.716716716716718      0.8815756687822611
-16.676676676676678      0.9057263221478767
-16.636636636636638      0.9328604323877041
-16.596596596596598      0.9632831981048748
-16.556556556556558      0.9972735071333576
-16.516516516516518      1.0350779925366231
-16.476476476476478      1.076905376868035
-16.436436436436438      1.1229212110734044
-16.396396396396398      1.1732431105396204
-16.356356356356358      1.227936584988763
-16.316316316316318      1.2870115512456233
-16.276276276276278      1.3504196084719107
-16.236236236236238      1.4180521443966474
-16.196196196196198      1.4897393285432161
-16.156156156156158      1.5652500346566283
-16.116116116116117      1.6442927196876476
-16.076076076076077      1.7265172710360528
-16.036036036036037      1.8115178175537854
-15.995995995995996      1.8988364833327582
-15.955955955955956      1.987968046833704
-15.915915915915916      2.0783654517377634
-15.875875875875876      2.1694461003071632
-15.835835835835836      2.26059884530387
-15.795795795795796      2.351191582905105
-15.755755755755755      2.440579336825941
-15.715715715715715      2.528112713244871
-15.675675675675675      2.613146597340132
-15.635635635635635      2.6950489554639168
-15.595595595595595      2.77320960236235
-15.555555555555555      2.8470487905081283
-15.515515515515515      2.9160254786328297
-15.475475475475475      2.9796451389740533
-15.435435435435435      3.0374669675901167
-15.395395395395395      3.0891103693135245
-15.355355355355355      3.1342605984366902
-15.315315315315315      3.1726734479384673
-15.275275275275275      3.2041788938187703
-15.235235235235235      3.2286836167238917
-15.195195195195195      3.246172340295897
-15.155155155155155      3.2567079443188907
-15.115115115115115      3.2604303304804265
-15.075075075075075      3.2575540391183004
-15.035035035035035      3.2483646363599954
-14.994994994994995      3.233213912245544
-14.954954954954955      3.2125139514107657
-14.914914914914915      3.1867301583412515
-14.874874874874875      3.1563733387409916
-14.834834834834835      3.1219909568421276
-14.794794794794795      3.0841577051839484
-14.754754754754755      3.0434655381873457
-14.714714714714715      3.0005133334521226
-14.674674674674675      2.9558963548370194
-14.634634634634635      2.910195698809909
-14.594594594594595      2.863967910076445
-14.554554554554555      2.817734953950489
-14.514514514514515      2.771974731202554
-14.474474474474475      2.727112316147025
-14.434434434434435      2.6835120904887066
-14.394394394394395      2.6414709339799556
-14.354354354354355      2.601212618334048
-14.314314314314315      2.5628835332421103
-14.274274274274275      2.526549852953964
-14.234234234234235      2.492196228957868
-14.194194194194194      2.459726069141888
-14.154154154154154      2.4289634367910717
-14.114114114114114      2.3996565742771865
-14.074074074074074      2.371483026765205
-14.034034034034034      2.3440563111801977
-13.993993993993994      2.31693404554861
-13.953953953953954      2.2896274241814534
-13.913913913913914      2.2616118955466393
-13.873873873873874      2.2323388726301565
-13.833833833833834      2.201248280656946
-13.793793793793794      2.167781724764272
-13.753753753753754      2.131396041101339
-13.713713713713712      2.091576979344472
-13.673673673673672      2.0478527532019126
-13.633633633633632      1.9998071885146174
-13.593593593593592      1.9470921963576582
-13.553553553553552      1.8894393013590378
-13.513513513513512      1.8266699634425827
-13.473473473473472      1.7587044444536792
-13.433433433433432      1.6855689896240758
-13.393393393393392      1.6074011174680558
-13.353353353353352      1.5244528402635924
-13.313313313313312      1.4370916704467416
-13.273273273273272      1.345799305617784
-13.233233233233232      1.2511679259095814
-13.193193193193192      1.1538940815900767
-13.153153153153152      1.054770195259692
-13.113113113113112      0.9546737510804343
-13.073073073073072      0.8545542922823532
-13.033033033033032      0.7554183968257485
-12.992992992992992      0.6583128485980945
-12.952952952952952      0.5643062669134811
-12.912912912912912      0.47446949936678
-12.872872872872872      0.38985512129289146
-12.832832832832832      0.3114764182410949
-12.792792792792792      0.24028625509151755
-12.752752752752752      0.17715625588323794
-12.712712712712712      0.1228567313490631
-12.672672672672672      0.07803779593087941
-12.632632632632632      0.04321211218074141
-12.592592592592592      0.018739687583249294
-12.552552552552552      0.004815126775475792
-12.512512512512512      0.0014577108756345695
-12.472472472472472      0.00850463533445129
-12.432432432432432      0.025607688757060928
-12.392392392392392      0.0522335980696474
-12.352352352352352      0.08766820097946801
-12.312312312312311      0.1310245358462591
-12.272272272272271      0.18125486297472584
-12.232232232232231      0.23716655124843958
-12.192192192192191      0.2974416813997328
-12.152152152152151      0.3606601336236244
-12.112112112112111      0.4253258443707728
-12.072072072072071      0.489895836744842
-12.032032032032031      0.5528115527701302
-11.991991991991991      0.6125319456782148
-11.951951951951951      0.667567728045231
-11.911911911911911      0.7165161187791249
-11.871871871871871      0.7580953901804784
-11.831831831831831      0.7911784870020901
-11.791791791791791      0.8148249738393843
-11.751751751751751      0.8283105663013572
-11.711711711711711      0.8311535159777079
-11.671671671671671      0.8231371496906255
-11.631631631631631      0.8043279100327954
-11.591591591591591      0.7750883065534049
-11.551551551551551      0.7360842646183188
-11.511511511511511      0.6882864510439974
-11.471471471471471      0.6329652608397708
-11.431431431431431      0.5716792662034335
-11.391391391391391      0.506257055382586
-11.35135135135135       0.4387725229282388
-11.31131131131131       0.3715138117459613
-11.27127127127127       0.30694624848555424
-11.23123123123123       0.24766975431827476
-11.19119119119119       0.1963713500228284
-11.15115115115115       0.15577350446109922
-11.11111111111111       0.1285791959004529
-11.07107107107107       0.11741466322164706
-11.03103103103103       0.12477091596896966
-10.99099099099099       0.15294514578525514
-10.95095095095095       0.20398323463491347
-10.91091091091091       0.2796245852986566
-10.87087087087087       0.3812505052687633
-10.83083083083083       0.5098373551818944
-10.79079079079079       0.6659156266000906
-10.75075075075075       0.8495360411287982
-10.71071071071071       1.0602436639539885
-10.67067067067067       1.2970609008816465
-10.63063063063063       1.5584801004550382
-10.59059059059059       1.8424663138699606
-10.55055055055055       2.146470577925886
-10.51051051051051       2.4674538833853505
-10.47047047047047       2.8019217765739772
-10.43043043043043       3.1459693199745873
-10.39039039039039       3.495335912399441
-10.35035035035035       3.8454692457950284
-10.31031031031031       4.191597458697478
-10.27027027027027       4.5288083407624375
-10.23023023023023       4.852134253498761
-10.19019019019019       5.1566412640708466
-10.15015015015015       5.437520846236506
-10.11011011011011       5.690182389211441
-10.07007007007007       5.910344675076006
-10.03003003003003       6.094124441241014
-9.98998998998999        6.238120138767569
-9.94994994994995        6.339489031546908
-9.90990990990991        6.396015856209216
-9.86986986986987        6.406171378007746
-9.82982982982983        6.369159332776829
-9.78978978978979        6.284950437440596
-9.74974974974975        6.154302378609199
-9.70970970970971        5.978764946816714
-9.66966966966967        5.760669768409264
-9.62962962962963        5.503104392685782
-9.58958958958959        5.209870812709163
-9.54954954954955        4.885428827751043
-9.50950950950951        4.534824986717075
-9.46946946946947        4.163608177944718
-9.42942942942943        3.777733244170882
-9.38938938938939        3.3834542949601594
-9.34934934934935        2.987209655404839
-9.30930930930931        2.595500622743792
-9.26926926926927        2.214766395528602
-9.22922922922923        1.8512576876025395
-9.18918918918919        1.5109116367956321
-9.14914914914915        1.1992306621876976
-9.10910910910911        0.9211679114443339
-9.06906906906907        0.6810218696540524
-9.02902902902903        0.48234257310289574
-8.98898898898899        0.32785168661788233
-8.94894894894895        0.21937846390252558
-8.90890890890891        0.15781332037712154
-8.86886886886887        0.14308041237197794
-8.82882882882883        0.17413024122990747
-8.78878878878879        0.24895289314794572
-8.74874874874875        0.36461209356520863
-8.70870870870871        0.51729980750354
-8.66866866866867        0.7024106640125588
-8.62862862862863        0.9146350336920683
-8.588588588588589       1.1480691532796923
-8.548548548548549       1.3963402805869953
-8.508508508508509       1.6527444864626903
-8.468468468468469       1.9103943572799738
-8.428428428428429       2.162373600285038
-8.388388388388389       2.401895322664084
-8.348348348348349       2.622460599903622
-8.308308308308309       2.8180138651270052
-8.268268268268269       2.983091642300891
-8.228228228228229       3.1129612146422367
-8.188188188188189       3.2037459656212564
-8.148148148148149       3.2525343523331625
-8.108108108108109       3.2574697665903045
-8.068068068068069       3.2178189030348814
-8.028028028028029       3.1340166793691058
-7.987987987987989       3.0076862333613175
-7.947947947947949       2.841633045095469
-7.907907907907909       2.6398127902342883
-7.867867867867869       2.40727310907405
-7.827827827827829       2.150070064309334
-7.787787787787789       1.8751606446151485
-7.7477477477477485      1.5902732380724427
-7.7077077077077085      1.3037585358678463
-7.6676676676676685      1.0244238197267015
-7.6276276276276285      0.7613540239987118
-7.5875875875875884      0.5237233340082146
-7.547547547547548       0.32060137625221513
-7.507507507507508       0.16075826485227426
-7.467467467467467       0.05247288565104553
-7.427427427427427       0.003348819749516932
-7.3873873873873865      0.020142229449927836
-7.3473473473473465      0.10860585105520117
-7.3073073073073065      0.2733529625893131
-7.2672672672672665      0.5177448243278546
-7.227227227227226       0.8438046323780714
-7.187187187187186       1.2521604888670008
-7.147147147147146       1.742019287016744
-7.107107107107106       2.3111727477313218
-7.067067067067066       2.9560361400533313
-7.027027027027026       3.671719486017181
-6.986986986986986       4.452130307001039
-6.946946946946946       5.290106230256377
-6.906906906906906       6.177575057691673
-6.866866866866866       7.105739220875754
-6.826826826826826       8.065280922767128
-6.786786786786786       9.046583713087738
-6.746746746746746       10.039965774527909
-6.706706706706706       11.035919823422883
-6.666666666666666       12.025354261605598
-6.626626626626626       12.99983006401516
-6.586586586586586       13.951787855111192
-6.546546546546546       14.874759719359822
-6.506506506506506       15.763560507458372
-6.466466466466466       16.614453738195554
-6.426426426426426       17.42528765073563
-6.386386386386386       18.195597525823057
-6.346346346346346       18.92667105646153
-6.306306306306306       19.621574296157334
-6.266266266266266       20.285136530866414
-6.226226226226226       20.92389329246186
-6.186186186186186       21.54598763853861
-6.146146146146146       22.161030746245206
-6.106106106106106       22.779923786446645
-6.066066066066066       23.414643938550167
-6.026026026026026       24.077998255595336
-5.985985985985986       24.783349874269692
-5.945945945945946       25.544321767024748
-5.905905905905906       26.37448383661032
-5.865865865865866       27.28702964230593
-5.8258258258258255      28.294449409327708
-5.7857857857857855      29.408206198435416
-5.7457457457457455      30.638422194598444
-5.7057057057057055      31.99358200771399
-5.665665665665665       33.480259664041185
-5.625625625625625       35.10287560667641
-5.585585585585585       36.86348952275043
-5.545545545545545       38.76163418292654
-5.505505505505505       40.79419472704008
-5.465465465465465       42.955336972911645
-5.425425425425425       45.23648738052727
-5.385385385385385       47.626366290006416
-5.345345345345345       50.11107498990898
-5.305305305305305       52.67423608452075
-5.265265265265265       55.29718553761814
-5.225225225225225       57.95921369898098
-5.185185185185185       60.63785159142474
-5.145145145145145       63.30919777251336
-5.105105105105105       65.9482802072539
-5.065065065065065       68.52944681514818
-5.025025025025025       71.02677770404146
-4.984984984984985       73.41451158876336
-4.944944944944945       75.66747852630094
-4.904904904904905       77.76153088967472
-4.864864864864865       79.673964455105
-4.824824824824825       81.38392159314019
-4.784784784784785       82.87276883257708
-4.744744744744745       84.12444150089698
-4.704704704704705       85.12574872820916
-4.664664664664665       85.86663282147066
-4.624624624624625       86.34037785747606
-4.584584584584585       86.54376328957174
-4.544544544544545       86.47715939471017
-4.504504504504505       86.14456248315408
-4.464464464464465       85.55356893024769
-4.424424424424425       84.71528824477532
-4.384384384384385       83.64419653786375
-4.344344344344345       82.35793287654332
-4.3043043043043046      80.87704207426117
-4.2642642642642645      79.22466846515394
-4.2242242242242245      77.42620610990227
-4.1841841841841845      75.50891167062055
-4.1441441441441444      73.50148685524657
-4.104104104104104       71.43363785562524
-4.064064064064064       69.33561957860331
-4.024024024024024       67.23777268956272
-3.9839839839839826      65.17006155014982
-3.9439439439439425      63.161621036858605
-3.9039039039039025      61.240319978485225
-3.8638638638638625      59.432348555239756
-3.8238238238238225      57.76183647049595
-3.7837837837837824      56.25050805063015
-3.7437437437437424      54.91737966427039
-3.7037037037037024      53.77850399694968
-3.6636636636636624      52.846764789520556
-3.6236236236236223      52.13172466895369
-3.5835835835835823      51.639527689259886
-3.5435435435435423      51.372857179403965
-3.5035035035035023      51.33094848527558
-3.4634634634634622      51.50965521436123
-3.423423423423422       51.90156666397167
-3.383383383383382       52.49617325443829
-3.343343343343342       53.280076013437466
-3.303303303303302       54.23723548020403
-3.263263263263262       55.34925483000059
-3.223223223223222       56.595691568402486
-3.183183183183182       57.95439181745755
-3.143143143143142       59.40184101450206
-3.103103103103102       60.91352476943308
-3.063063063063062       62.46429367482427
-3.023023023023022       64.02872603011517
-2.982982982982982       65.58148271837912
-2.942942942942942       67.09764885198341
-2.902902902902902       68.55305726983323
-2.862862862862862       69.9245895105186
-2.822822822822822       71.1904504878634
-2.782782782782782       72.33041374267643
-2.7427427427427418      73.32603482111037
-2.7027027027027017      74.16083101997567
-2.6626626626626617      74.82042642714305
-2.6226226226226217      75.29266185593556
-2.5825825825825817      75.56766991235885
-2.5425425425425416      75.63791603073523
-2.5025025025025016      75.49820685588352
-2.4624624624624616      75.14566782944388
-2.4224224224224216      74.57969224715427
-2.3823823823823815      73.80186438781948
-2.3423423423423415      72.81585957051853
-2.3023023023023015      71.62732417334735
-2.2622622622622615      70.24373874598989
-2.2222222222222214      68.67426737268941
-2.1821821821821814      66.92959639666957
-2.1421421421421414      65.02176550805645
-2.1021021021021014      62.96399403265379
-2.0620620620620613      60.77050504719373
-2.0220220220220213      58.45634969741502
-1.9819819819819813      56.03723381849259
-1.9419419419419413      53.52934866293258
-1.9019019019019012      50.94920723913657
-1.8618618618618612      48.313487463817154
-1.8218218218218212      45.638883042270244
-1.7817817817817811      42.941962720036265
-1.7417417417417411      40.239038304618425
-1.701701701701701       37.54604164216527
-1.661661661661661       34.87841055565742
-1.621621621621621       32.250983610824505
-1.581581581581581       29.67790347509675
-1.541541541541541       27.172528573141495
-1.501501501501501       24.747352718399316
-1.461461461461461       22.41393241063052
-1.421421421421421       20.182821530812923
-1.381381381381381       18.06351323176453
-1.3413413413413409      16.064388909876826
-1.3013013013013008      14.192674243924206
-1.2612612612612608      12.454402394443889
-1.2212212212212208      10.854384564852584
-1.1811811811811808      9.396188226644991
-1.1411411411411407      8.082123399439007
-1.1011011011011007      6.913237446582683
-1.0610610610610607      5.889318893572727
-1.0210210210210207      5.0089107956500305
-0.9809809809809806      4.269334169661475
-0.9409409409409406      3.666721961803808
-0.9009009009009006      3.1960639465959213
-0.8608608608608606      2.851262843985591
-0.8208208208208205      2.625201802728461
-0.7807807807807805      2.509823232063713
-0.7407407407407405      2.4962187742938626
-0.7007007007007005      2.574730003149492
-0.6606606606606604      2.73505921249279
-0.6206206206206204      2.9663894333638527
-0.5805805805805804      3.25751259130535
-0.5405405405405403      3.5969644972409496
-0.5005005005005003      3.973165160809047
-0.4604604604604603      4.374562731599362
-0.42042042042042027     4.7897792173752745
-0.38038038038038025     5.207756004613073
-0.3403403403403402      5.617897120245986
-0.3003003003003002      6.01020812807319
-0.26026026026026017     6.375428551504303
-0.22022022022022014     6.705155757585725
-0.18018018018018012     6.991958325776937
-0.1401401401401401      7.229477057649105
-0.10010010010010006     7.412511958263734
-0.06006006006006004     7.537093732968351
-0.020020020020020013    7.600538590162009
0.020020020020020013     7.601485415719687
0.06006006006006004      7.539914681896629
0.10010010010010006      7.417148765715735
0.1401401401401401       7.235833671706781
0.18018018018018012      6.999902473823459
0.22022022022022014      6.71452110381558
0.26026026026026017      6.386017410915637
0.3003003003003002       6.021794693439525
0.3403403403403402       5.630231150484737
0.38038038038038025      5.220566915794622
0.42042042042042027      4.80278051145298
0.4604604604604603       4.387456692911865
0.5005005005005003       3.985647746564802
0.5405405405405403       3.6087303456129747
0.5805805805805804       3.2682600694593495
0.6206206206206204       2.9758256477283265
0.6606606606606604       2.742904904831186
0.7007007007007005       2.5807242584722716
0.7407407407407405       2.500123470286729
0.7807807807807805       2.511427164423538
0.8208208208208205       2.624324426485107
0.8608608608608606       2.847757577430115
0.9009009009009006       3.189820991700977
0.9409409409409406       3.657670602865889
0.9809809809809806       4.257444520176219
1.0210210210210207       4.994194971991539
1.0610610610610607       5.871831602738153
1.1011011011011007       6.893075983937601
1.1411411411411407       8.059427060909167
1.1811811811811808       9.37113714801588
1.2212212212212208       10.827198008633085
1.2612612612612608       12.425336512017793
1.3013013013013008       14.162019347356225
1.3413413413413409       16.032466293674013
1.381381381381381        18.030671590064532
1.421421421421421        20.14943301983344
1.461461461461461        22.380388409723796
1.501501501501501        24.714059345729453
1.541541541541541        27.139902013819007
1.581581581581581        29.646365180596995
1.621621621621621        32.220955428722675
1.661661661661661        34.85030984815961
1.701701701701701        37.52027645067562
1.7417417417417411       40.21600261570745
1.7817817817817811       42.92203188574212
1.8218218218218212       45.622409404728806
1.8618618618618612       48.300796230871356
1.9019019019019012       50.94059265386995
1.9419419419419413       53.52507050610591
1.9819819819819813       56.037514278655344
2.0220220220220213       58.4613706391273
2.0620620620620613       60.78040570335053
2.1021021021021014       62.9788691423993
2.1421421421421414       65.04166391727097
2.1821821821821814       66.95452013351715
2.2222222222222214       68.70417120626573
2.2622622622622615       70.27853023172828
2.3023023023023015       71.66686418452478
2.3423423423423415       72.85996331097871
2.3823823823823815       73.8503028768872
2.4224224224224216       74.63219426365984
2.4624624624624616       75.20192229780808
2.5025025025025016       75.55786565334883
2.5425425425425416       75.70059719103182
2.5825825825825817       75.63296119741715
2.6226226226226217       75.36012466368439
2.6626626626626617       74.88959999997608
2.7027027027027017       74.2312369151647
2.7427427427427418       73.39718160131595
2.782782782782782        72.40180184177231
2.822822822822822        71.26157720462119
2.862862862862862        69.99495408030107
2.902902902902902        68.62216596239608
2.942942942942942        67.16502004184538
2.982982982982982        65.64665187300011
3.023023023023022        64.09125056044115
3.063063063063062        62.523757592612554
3.103103103103102        60.969543096262655
3.143143143143142        59.45406388851015
3.183183183183182        58.00250824568728
3.223223223223222        56.63943277522251
3.263263263263262        55.388397155381405
3.303303303303302        54.27160278572092
3.343343343343342        53.30954155870094
3.383383383383382        52.52066101221363
3.423423423423422        51.921052048499064
3.4634634634634622       51.524165204267426
3.5035035035035023       51.34056112990644
3.5435435435435423       51.37770048532729
3.5835835835835823       51.63977789195938
3.6236236236236223       52.12760390327214
3.6636636636636624       52.83853818105897
3.7037037037037024       53.76647620525735
3.7437437437437424       54.90189091713013
3.7837837837837824       56.23192971688511
3.8238238238238225       57.74056622652901
3.8638638638638625       59.408805207271904
3.9039039039039025       61.21493800912436
3.9439439439439425       63.134844949695044
3.9839839839839826       65.14234009051584
4.024024024024023        67.2095530227444
4.064064064064063        69.30734150873009
4.104104104104103        71.40572816906618
4.144144144144143        73.47435387159229
4.184184184184183        75.48294008218664
4.224224224224223        77.4017521871437
4.264264264264263        79.20205570049303
4.304304304304303        80.85655733061463
4.344344344344343        82.3398230994127
4.384384384384383        83.62866608129212
4.424424424424423        84.70249685196437
4.464464464464463        85.54363039924996
4.504504504504503        86.13754403705798
4.544544544544543        86.4730817642496
4.584584584584583        86.54260150437626
4.624624624624623        86.34206273037692
4.664664664664663        85.87105309869209
4.704704704704703        85.13275386703558
4.744744744744743        84.13384502580139
4.784784784784783        82.88435221097957
4.824824824824823        81.397438563141
4.864864864864863        79.68914572990704
4.904904904904903        77.77808915706498
4.944944944944943        75.68511365669794
4.984984984984983        73.43291596202549
5.025025025025027        71.045641563503
5.065065065065067        68.54846355734439
5.105105105105107        65.96715151740231
5.145145145145147        63.32763851910372
5.185185185185187        60.655594398128414
5.225225225225227        57.97601311843179
5.265265265265267        55.31282175934557
5.305305305305307        52.68851811826938
5.345345345345347        50.12384327556757
5.385385385385387        47.637494696235294
5.425425425425427        45.245884565675965
5.465465465465467        42.962947093747225
5.505505505505507        40.79999749292479
5.545545545545547        38.765644265155004
5.585585585585587        36.86575534055129
5.625625625625627        35.103477522670374
5.665665665665667        33.47930763249938
5.705705705705707        31.99121272860205
5.745745745745747        30.634795834910673
5.785785785785787        29.40350274957241
5.825825825825827        28.288864755134075
5.865865865865867        27.280771416724892
5.905905905905907        26.367767152691332
5.945945945945947        25.53736490017394
5.985985985985987        24.776369982165466
6.026026026026027        24.071207215135644
6.0660660660660675       23.40824437659463
6.1061061061061075       22.774105376071002
6.1461461461461475       22.155966833851327
6.1861861861861875       21.541832259598998
6.226226226226228        20.920778625100827
6.266266266266268        20.28317082706449
6.306306306306308        19.620840320319303
6.346346346346348        18.927225050627484
6.386386386386388        18.197468710124124
6.426426426426428        17.428478257046805
6.466466466466468        16.618939564508754
6.506506506506508        15.769291970511508
6.546546546546548        14.881663373703255
6.586586586586588        13.959768338249262
6.626626626626628        13.008772419689672
6.666666666666668        12.035126586831108
6.706706706706708        11.046376179640113
6.746746746746748        10.050949299315812
6.786786786786788        9.057929866303603
6.826826826826828        8.076820799806319
6.866866866866868        7.117302865955997
6.906906906906908        6.1889947116298245
6.946946946946948        5.301219450072117
6.986986986986988        4.462782898756729
7.027027027027028        3.6817681974834215
7.067067067067068        2.9653510659412516
7.107107107107108        2.3196394072101163
7.147147147147148        1.7495403408769405
7.187187187187188        1.2586570718179377
7.227227227227228        0.8492172844113967
7.267267267267268        0.5220340136446727
7.307307307307308        0.2764992011053634
7.347347347347348        0.11060941178111335
7.387387387387388        0.021022482931258267
7.427427427427428        0.0031432140840611435
7.467467467467468        0.05123560124004722
7.507507507507508        0.1585585808653522
7.547547547547548        0.3175217906896565
7.5875875875875884       0.5198574831490155
7.6276276276276285       0.7568044498704604
7.6676676676676685       1.0192996359909448
7.7077077077077085       1.2981730431719891
7.7477477477477485       1.584341539490745
7.787787787787789        1.8689973103239392
7.827827827827829        2.143786892174053
7.867867867867869        2.4009770244445026
7.907907907907909        2.6336039240484928
7.947947947947949        2.835603024489118
7.987987987987989        3.0019167134929416
8.028028028028029        3.12857813923549
8.068068068068069        3.212769721801976
8.108108108108109        3.252855590544585
8.148148148148149        3.248387756112056
8.188188188188189        3.2000864050400413
8.228228228228229        3.1097952623391554
8.268268268268269        2.980413491689496
8.308308308308309        2.8158060828896327
8.348348348348349        2.620695102583318
8.388388388388389        2.400534548891832
8.428428428428429        2.1613718468910066
8.468468468468469        1.9096992450203147
8.508508508508509        1.6522985193909339
8.548548548548549        1.39608246221209
8.588588588588589        1.1479366225863452
8.62862862862863         0.9145646848235454
8.66866866866867         0.7023407148968467
8.70870870870871         0.5171712848841032
8.74874874874875         0.36437020471118603
8.78878878878879         0.24854825788434098
8.82882882882883         0.17351996175901369
8.86886886886887         0.14222896255473427
8.90890890890891         0.1566932406068119
8.94894894894895         0.2179708523281567
8.98898898898899         0.3261464821569551
9.02902902902903         0.4803386303196717
9.06906906906907         0.678726830071429
9.10910910910911         0.9185978801134995
9.14914914914915         1.196409702274027
9.18918918918919         1.5078710984777572
9.22922922922923         1.8480353906611748
9.26926926926927         2.211405687568245
9.30930930930931         2.5920493370066464
9.34934934934935         2.983718993575141
9.38938938938939         3.3799776612067265
9.42942942942943         3.7743250569340883
9.46946946946947         4.1603226856580555
9.50950950950951         4.531715112784826
9.54954954954955         4.882545068719696
9.58958958958959         5.207260211719299
9.62962962962963         5.500809608024087
9.66966966966967         5.758728254361887
9.70970970970971         5.977208261122145
9.74974974974975         6.153155627694473
9.78978978978979         6.284231867365901
9.82982982982983         6.368880070494524
9.86986986986987         6.406335324228472
9.90990990990991         6.396619727929722
9.94994994994995         6.340522549207038
9.98998998998999         6.239566350115057
10.03003003003003        6.095960171359361
10.07007007007007        5.912541089712214
10.11011011011011        5.69270565656816
10.15015015015015        5.440332880797439
10.19019019019019        5.159700534830778
10.23023023023023        4.855396638179984
10.27027027027027        4.53222800722202
10.31031031031031        4.19512775475926
10.35035035035035        3.849063579160882
10.39039039039039        3.4989486030819417
10.43043043043043        3.1495564088227765
10.47047047047047        2.805441774897019
10.51051051051051        2.4708684503730614
10.55055055055055        2.1497451144822812
10.59059059059059        1.8455704635576922
10.63063063063063        1.5613881504588476
10.67067067067067        1.2997520781724052
10.71071071071071        1.0627023241358469
10.75075075075075        0.8517517497201795
10.79079079079079        0.6678831346965446
10.83083083083083        0.5115564735278654
10.87087087087087        0.38272588268917934
10.91091091091091        0.28086539917562686
10.95095095095095        0.20500280262975726
10.99099099099099        0.1537604692804984
11.03103103103103        0.1254021667188665
11.07107107107107        0.11788462544492989
11.11111111111111        0.12891267651760405
11.15115115115115        0.1559967243728712
11.19119119119119        0.19651132925294026
11.23123123123123        0.24775370351244727
11.27127127127127        0.30700097868839177
11.31131131131131        0.3715651735874133
11.35135135135135        0.4388448853660487
11.391391391391391       0.5063728329955198
11.431431431431431       0.5718585027396178
11.471471471471471       0.6332252753290782
11.511511511511511       0.6886415513134764
11.551551551551551       0.7365455315380756
11.591591591591591       0.7756634508205802
11.631631631631631       0.8050212018017155
11.671671671671671       0.8239494199089081
11.711711711711711       0.8320822269174815
11.751751751751751       0.829349947505954
11.791791791791791       0.8159662185595099
11.831831831831831       0.7924100031907553
11.871871871871871       0.759403099265886
11.911911911911911       0.7178837947500966
11.951951951951951       0.6689773688722424
11.991991991991991       0.6139641687558755
12.032032032032035       0.5542460059061222
12.072072072072075       0.4913116162290834
12.112112112112115       0.42670191183227735
12.152152152152155       0.36197572370864806
12.192192192192195       0.2986766927732691
12.232232232232235       0.23830191401441403
12.272272272272275       0.18227287631371067
12.312312312312315       0.1319091704638728
12.352352352352355       0.08840536182520291
12.392392392392395       0.05281134370500739
12.432432432432435       0.026016404703796656
12.472472472472475       0.008737159698485548
12.512512512512515       0.0015094115018046538
12.552552552552555       0.00468393012354573
12.592592592592595       0.018426060410946875
12.632632632632635       0.04271899795897638
12.672672672672675       0.07737050868681991
12.712712712712715       0.1220228103225333
12.752752752752755       0.17616528498175346
12.792792792792795       0.23914965163137755
12.832832832832835       0.3102071958617955
12.872872872872875       0.388467632225814
12.912912912912915       0.47297916142639396
12.952952952952955       0.5627292806609531
12.992992992992995       0.6566659101060431
13.033033033033036       0.7537184113542142
13.073073073073076       0.8528180939653345
13.113113113113116       0.9529178334281477
13.153153153153156       1.0530104569121588
13.193193193193196       1.1521455913231275
13.233233233233236       1.2494447104054034
13.273273273273276       1.344114162978603
13.313313313313316       1.4354560118658812
13.353353353353356       1.522876561681471
13.393393393393396       1.6058925024458126
13.433433433433436       1.6841346440716822
13.473473473473476       1.757349263268071
13.513513513513516       1.8253971285487745
13.553553553553556       1.8882503101155965
13.593593593593596       1.945986918795482
13.633633633633636       1.9987839514287888
13.673673673673676       2.0469084487198175
13.713713713713716       2.0907071952508853
13.753753753753756       2.1305952099196643
13.793793793793796       2.167043288371251
13.833833833833836       2.20056486705099
13.873873873873876       2.2317024813780355
13.913913913913916       2.2610140884001755
13.953953953953956       2.289059517384024
13.993993993993996       2.3163873004347577
14.034034034034036       2.3435221198113285
14.074074074074076       2.3709530895315005
14.114114114114116       2.3991230666287477
14.154154154154156       2.4284191625318106
14.194194194194196       2.459164598025374
14.234234234234236       2.4916120166543325
14.274274274274276       2.525938341810434
14.314314314314316       2.562241232623859
14.354354354354356       2.6005371637084798
14.394394394394396       2.640761124280737
14.434434434434436       2.6827679036680276
14.474474474474476       2.7263349031854336
14.514514514514516       2.771166389190239
14.554554554554556       2.816899079179769
14.594594594594597       2.8631089323843657
14.634634634634637       2.9093189986818366
14.674674674674677       2.9550081650208293
14.714714714714717       2.999620627037955
14.754754754754757       3.0425759052749277
14.794794794794797       3.0832792203901707
14.834834834834837       3.1211320399912097
14.874874874874877       3.1555426111318687
14.914914914914917       3.1859362969988942
14.954954954954957       3.2117655437030157
14.994994994994997       3.2325193131855325
15.035035035035037       3.247731830817582
15.075075075075077       3.2569905110365935
15.115115115115117       3.259942941035337
15.155155155155157       3.2563028207772944
15.195195195195197       3.245854777121534
15.235235235235237       3.228457990256414
15.275275275275277       3.2040485916112984
15.315315315315317       3.1726408135893096
15.355355355355357       3.1343268924944674
15.395395395395397       3.089275746573879
15.435435435435437       3.037730470846063
15.475475475475477       2.980004709026999
15.515515515515517       2.916477980128556
15.555555555555557       2.847590052929921
15.595595595595597       2.7738344752975688
15.635635635635637       2.6957513770630985
15.675675675675677       2.6139196747117563
15.715715715715717       2.5289488133756297
15.755755755755757       2.441470186489878
15.795795795795797       2.352128375923048
15.835835835835837       2.261572355441855
15.875875875875877       2.1704467980571756
15.915915915915917       2.079383623206312
15.955955955955957       1.98899391297512
15.995995995995997       1.8998603178002653
16.036036036036037       1.812530061505597
16.076076076076077       1.7275086433202504
16.116116116116117       1.6452543209389137
16.156156156156158       1.566173443967728
16.196196196196198       1.4906166915202812
16.236236236236238       1.418876251569075
16.276276276276278       1.3511839632008835
16.316316316316318       1.2877104264570804
16.356356356356358       1.228565068244301
16.396396396396398       1.1737971371486133
16.436436436436438       1.1233975851393412
16.476476476476478       1.0773017803471807
16.516516516516518       1.0353929825665107
16.556556556556558       0.9975065020580708
16.596596596596598       0.9634344527816862
16.636636636636638       0.9329310035035148
16.676676676676678       0.9057180244010276
16.716716716716718       0.8814910228951616
16.756756756756758       0.8599252605067903
16.796796796796798       0.840681942554914
16.836836836836838       0.8234143744476555
16.876876876876878       0.8077739820895053
16.916916916916918       0.7934160994286779
16.956956956956958       0.7800054332627023
16.996996996996998       0.7672211239397878
17.037037037037038       0.7547613303518241
17.077077077077078       0.7423472784015274
17.117117117117118       0.7297267237179288
17.157157157157158       0.7166767915555312
17.197197197197198       0.7030061693004973
17.237237237237238       0.6885566395800492
17.27727727727728        0.6732039543874759
17.31731731731732        0.6568580626630817
17.35735735735736        0.6394627151909951
17.3973973973974         0.6209944812793666
17.43743743743744        0.6014612213040305
17.47747747747748        0.5809000676535292
17.51751751751752        0.5593749737840038
17.55755755755756        0.536973896870683
17.5975975975976         0.5138056838552931
17.63763763763764        0.4899967334925825
17.67767767767768        0.4656875082834618
17.71771771771772        0.44102896996705804
17.75775775775776        0.4161790105791877
17.7977977977978         0.3912989480503615
17.83783783783784        0.36655015101605537
17.87787787787788        0.34209085207577355
17.91791791791792        0.31807320231323494
17.95795795795796        0.29464061264433844
17.997997997998          0.271925419669909
18.03803803803804        0.25004690536457014
18.07807807807808        0.22910969132166573
18.11811811811812        0.20920251958940345
18.15815815815816        0.1903974235615642
18.1981981981982         0.17274928410749407
18.23823823823824        0.15629575830676531
18.27827827827828        0.1410575609467983
18.31831831831832        0.12703907247999474
18.35835835835836        0.11422924153342215
18.3983983983984         0.10260274540924925
18.43843843843844        0.09212136837322771
18.47847847847848        0.08273555494288451
18.51851851851852        0.07438609387182067
18.55855855855856        0.06700588807249569
18.5985985985986         0.060521766293652184
18.63863863863864        0.05485629391421898
18.67867867867868        0.04992954265686108
18.71871871871872        0.045660782266885774
18.75875875875876        0.04197006113615208
18.7987987987988         0.03877964735493448
18.83883883883884        0.03601530661668947
18.87887887887888        0.03360739864459809
18.91891891891892        0.03149177921637199
18.95895895895896        0.02961050029782902
18.998998998999          0.027912306123858352
19.03903903903904        0.02635292816270309
19.07907907907908        0.024895186651954792
19.11911911911912        0.023508910701130852
19.15915915915916        0.022170692729950568
19.1991991991992         0.020863496184366566
19.23923923923924        0.019576137992321052
19.27927927927928        0.018302669055261702
19.31931931931932        0.017041677205565244
19.35935935935936        0.015795537498259536
19.3993993993994         0.014569634469906842
19.43943943943944        0.013371580126491808
19.47947947947948        0.012210449969077716
19.51951951951952        0.011096057396997807
19.55955955955956        0.01003828442064429
19.5995995995996         0.009046483854746934
19.63963963963964        0.008128965139839446
19.67967967967968        0.007292572748556312
19.71971971971972        0.00654236286966575
19.75975975975976        0.0058813808190807835
19.7997997997998         0.005310538492141289
19.83983983983984        0.0048285882269892225
19.87987987987988        0.004432186768120847
19.91991991991992        0.0041160406650878585
19.95995995995996        0.0038731224650846354
20                       0.0036949454983864803
